1 0 674
2 674 665
3 1339 688
4 2027 669
5 2696 708
6 3404 686
7 4090 697
8 4787 643
9 5430 638
10 6068 662
11 6730 647
12 7377 725
13 8102 693
14 8795 671
15 9466 639
16 10105 682
17 10787 635
18 11422 667
19 12089 652
20 12741 640
21 13381 660
22 14041 653
23 14694 663
24 15357 657
25 16014 675
26 16689 709
27 17398 659
28 18057 692
29 18749 672
30 19421 668
31 20089 687
32 20776 669
33 21445 675
34 22120 707
35 22827 662
36 23489 695
37 24184 704
38 24888 681
39 25569 705
40 26274 666
41 26940 682
42 27622 714
43 28336 694
44 29030 670
45 29700 645
46 30345 678
47 31023 658
48 31681 668
49 32349 645
50 32994 672
51 33666 660
52 34326 658
53 34984 660
54 35644 654
55 36298 666
56 36964 708
57 37672 664
58 38336 694
59 39030 674
60 39704 639
61 40343 677
62 41020 670
63 41690 690
64 42380 672
65 43052 709
66 43761 644
67 44405 663
68 45068 695
69 45763 670
70 46433 677
71 47110 669
72 47779 672
73 48451 690
74 49141 709
75 49850 663
76 50513 693
77 51206 658
78 51864 721
79 52585 675
80 53260 650
81 53910 679
82 54589 662
83 55251 673
84 55924 661
85 56585 648
86 57233 661
87 57894 656
88 58550 673
89 59223 657
90 59880 711
91 60591 684
92 61275 665
93 61940 694
94 62634 662
95 63296 665
96 63961 670
97 64631 670
98 65301 668
99 65969 690
100 66659 672
101 67331 709
102 68040 696
103 68736 704
104 69440 671
105 70111 647
106 70758 673
107 71431 671
108 72102 690
109 72792 678
110 73470 710
111 74180 665
112 74845 669
113 75514 663
114 76177 720
115 76897 695
116 77592 674
117 78266 674
118 78940 649
119 79589 666
120 80255 661
121 80916 665
122 81581 653
123 82234 668
124 82902 662
125 83564 666
126 84230 664
127 84894 681
128 85575 710
129 86285 635
130 86920 693
131 87613 665
132 88278 695
133 88973 671
134 89644 706
135 90350 692
136 91042 675
137 91717 670
138 92387 707
139 93094 665
140 93759 721
141 94480 654
142 95134 693
143 95827 674
144 96501 673
145 97174 681
146 97855 710
147 98565 672
148 99237 690
149 99927 702
150 100629 669
151 101298 679
152 101977 666
153 102643 717
154 103360 721
155 104081 695
156 104776 666
157 105442 655
158 106097 659
159 106756 663
160 107419 660
161 108079 692
162 108771 672
163 109443 649
164 110092 651
165 110743 651
166 111394 663
167 112057 662
168 112719 691
169 113410 681
170 114091 702
171 114793 664
172 115457 705
173 116162 694
174 116856 668
175 117524 693
176 118217 685
177 118902 681
178 119583 680
179 120263 705
180 120968 661
181 121629 207
182 121836 190
183 122026 694
184 122720 677
185 123397 705
186 124102 666
187 124768 694
188 125462 658
189 126120 664
190 126784 659
191 127443 658
192 128101 700
193 128801 657
194 129458 671
195 130129 657
196 130786 640
197 131426 659
198 132085 663
199 132748 648
200 133396 661
201 134057 658
202 134715 676
203 135391 656
204 136047 665
205 136712 701
206 137413 706
207 138119 721
208 138840 695
209 139535 661
210 140196 671
211 140867 692
212 141559 655
213 142214 694
214 142908 651
215 143559 667
216 144226 679
217 144905 664
218 145569 677
219 146246 701
220 146947 661
221 147608 654
222 148262 694
223 148956 664
224 149620 679
225 150299 656
226 150955 701
227 151656 665
228 152321 682
229 153003 667
230 153670 677
231 154347 715
232 155062 710
233 155772 721
234 156493 663
235 157156 735
236 157891 692
237 158583 661
238 159244 666
239 159910 655
240 160565 686
241 161251 645
242 161896 651
243 162547 674
244 163221 654
245 163875 672
246 164547 659
247 165206 686
248 165892 650
249 166542 700
250 167242 684
251 167926 663
252 168589 693
253 169282 659
254 169941 665
255 170606 700
256 171306 687
257 171993 665
258 172658 666
259 173324 678
260 174002 662
261 174664 693
262 175357 697
263 176054 659
264 176713 651
265 177364 703
266 178067 670
267 178737 663
268 179400 688
269 180088 678
270 180766 656
271 181422 694
272 182116 733
273 182849 693
274 183542 665
275 184207 712
276 184919 711
277 185630 704
278 186334 720
279 187054 723
280 187777 697
281 188474 692
282 189166 693
283 189859 710
284 190569 695
285 191264 680
286 191944 703
287 192647 645
288 193292 656
289 193948 693
290 194641 666
291 195307 703
292 196010 666
293 196676 688
294 197364 667
295 198031 675
296 198706 695
297 199401 680
298 200081 640
299 200721 704
300 201425 670
301 202095 669
302 202764 693
303 203457 675
304 204132 706
305 204838 657
306 205495 742
307 206237 741
308 206978 732
309 207710 693
310 208403 677
311 209080 644
312 209724 653
313 210377 657
314 211034 664
315 211698 638
316 212336 684
317 213020 642
318 213662 666
319 214328 645
320 214973 681
321 215654 705
322 216359 656
323 217015 693
324 217708 217
325 217925 679
326 218604 697
327 219301 703
328 220004 686
329 220690 669
330 221359 693
331 222052 670
332 222722 656
333 223378 695
334 224073 704
335 224777 656
336 225433 691
337 226124 693
338 226817 658
339 227475 723
340 228198 689
341 228887 645
342 229532 670
343 230202 659
344 230861 657
345 231518 654
346 232172 632
347 232804 655
348 233459 649
349 234108 655
350 234763 658
351 235421 653
352 236074 664
353 236738 702
354 237440 666
355 238106 691
356 238797 646
357 239443 674
358 240117 660
359 240777 724
360 241501 702
361 242203 695
362 242898 701
363 243599 666
364 244265 668
365 244933 660
366 245593 683
367 246276 654
368 246930 668
369 247598 666
370 248264 694
371 248958 663
372 249621 686
373 250307 704
374 251011 701
375 251712 679
376 252391 671
377 253062 681
378 253743 666
379 254409 694
380 255103 668
381 255771 676
382 256447 661
383 257108 653
384 257761 648
385 258409 657
386 259066 641
387 259707 657
388 260364 674
389 261038 657
390 261695 653
391 262348 702
392 263050 685
393 263735 665
394 264400 701
395 265101 693
396 265794 667
397 266461 703
398 267164 670
399 267834 671
400 268505 698
401 269203 684
402 269887 693
403 270580 690
404 271270 666
405 271936 703
406 272639 692
407 273331 647
408 273978 652
409 274630 644
410 275274 704
411 275978 698
412 276676 673
413 277349 673
414 278022 665
415 278687 694
416 279381 671
417 280052 654
418 280706 660
419 281366 655
420 282021 647
421 282668 661
422 283329 650
423 283979 670
424 284649 635
425 285284 648
426 285932 663
427 286595 659
428 287254 704
429 287958 685
430 288643 689
431 289332 658
432 289990 672
433 290662 694
434 291356 651
435 292007 665
436 292672 666
437 293338 644
438 293982 648
439 294630 704
440 295334 667
441 296001 698
442 296699 665
443 297364 680
444 298044 658
445 298702 638
446 299340 694
447 300034 704
448 300738 694
449 301432 666
450 302098 697
451 302795 666
452 303461 674
453 304135 658
454 304793 694
455 305487 646
456 306133 654
457 306787 673
458 307460 676
459 308136 649
460 308785 647
461 309432 698
462 310130 675
463 310805 648
464 311453 646
465 312099 704
466 312803 638
467 313441 680
468 314121 717
469 314838 644
470 315482 651
471 316133 646
472 316779 656
473 317435 634
474 318069 658
475 318727 641
476 319368 640
477 320008 667
478 320675 649
479 321324 693
480 322017 703
481 322720 632
482 323352 675
483 324027 661
484 324688 1605
485 326293 3093
486 329386 1194
487 330580 599
488 331179 1585
489 332764 1656
490 334420 1582
491 336002 8836
492 344838 7799
493 352637 4451
494 357088 2942
495 360030 7707
496 367737 4065
497 371802 12572
498 384374 4946
499 389320 2545
500 391865 3921
501 395786 16225
502 412011 6331
503 418342 2642
504 420984 321
505 421305 2371
506 423676 3878
507 427554 2840
508 430394 13583
509 443977 7954
510 451931 1931
511 453862 2802
512 456664 1953
513 458617 1871
514 460488 3493
515 463981 2238
516 466219 3080
517 469299 2013
518 471312 1851
519 473163 2213
520 475376 2959
521 478335 2879
522 481214 1952
523 483166 2237
524 485403 2212
525 487615 1850
526 489465 2012
527 491477 2626
528 494103 3343
529 497446 2190
530 499636 1933
531 501569 1796
532 503365 2108
533 505473 4524
534 509997 3920
535 513917 3822
536 517739 3029
537 520768 2474
538 523242 2589
539 525831 2354
540 528185 2395
541 530580 336
542 530916 3920
543 534836 9976
544 544812 982
545 545794 4446
546 550240 7194
547 557434 321
548 557755 3221
549 560976 2694
550 563670 2401
551 566071 2620
552 568691 3591
553 572282 4376
554 576658 2633
555 579291 5014
556 584305 2772
557 587077 8250
558 595327 2775
559 598102 2469
560 600571 1242
561 601813 17863
562 619676 2983
563 622659 5910
564 628569 3505
565 632074 1964
566 634038 3102
567 637140 4517
568 641657 4398
569 646055 3742
570 649797 3014
571 652811 24598
572 677409 11355
573 688764 16347
574 705111 30750
575 735861 3808
576 739669 215
577 739884 177
578 740061 205
579 740266 177
580 740443 622
581 741065 656
582 741721 629
583 742350 674
584 743024 656
585 743680 632
586 744312 190
587 744502 602
588 745104 625
589 745729 688
590 746417 231
591 746648 177
592 746825 659
593 747484 171
594 747655 669
595 748324 639
596 748963 634
597 749597 637
598 750234 637
599 750871 637
600 751508 634
601 752142 639
602 752781 192
603 752973 638
604 753611 180
605 753791 631
606 754422 220
607 754642 684
608 755326 221
609 755547 627
610 756174 370
611 756544 672
612 757216 657
613 757873 573
614 758446 683
615 759129 668
616 759797 641
617 760438 661
618 761099 664
619 761763 658
620 762421 217
621 762638 637
622 763275 635
623 763910 622
624 764532 656
625 765188 629
626 765817 677
627 766494 634
628 767128 630
629 767758 555
630 768313 625
631 768938 211
632 769149 655
633 769804 625
634 770429 226
635 770655 179
636 770834 673
637 771507 179
638 771686 197
639 771883 190
640 772073 631
641 772704 659
642 773363 629
643 773992 672
644 774664 635
645 775299 555
646 775854 208
647 776062 311
648 776373 655
649 777028 217
650 777245 310
651 777555 179
652 777734 625
653 778359 633
654 778992 660
655 779652 682
656 780334 634
657 780968 640
658 781608 635
659 782243 639
660 782882 188
661 783070 555
662 783625 659
663 784284 201
664 784485 658
665 785143 637
666 785780 211
667 785991 655
668 786646 193
669 786839 633
670 787472 630
671 788102 659
672 788761 679
673 789440 659
674 790099 669
675 790768 673
676 791441 659
677 792100 655
678 792755 205
679 792960 632
680 793592 621
681 794213 625
682 794838 628
683 795466 636
684 796102 644
685 796746 659
686 797405 601
687 798006 657
688 798663 642
689 799305 624
690 799929 638
691 800567 636
692 801203 638
693 801841 635
694 802476 635
695 803111 666
696 803777 177
697 803954 644
698 804598 667
699 805265 178
700 805443 625
701 806068 190
702 806258 196
703 806454 618
704 807072 629
705 807701 644
706 808345 637
707 808982 640
708 809622 191
709 809813 601
710 810414 178
711 810592 193
712 810785 639
713 811424 659
714 812083 632
715 812715 189
716 812904 642
717 813546 659
718 814205 190
719 814395 171
720 814566 619
721 815185 629
722 815814 646
723 816460 638
724 817098 635
725 817733 603
726 818336 214
727 818550 623
728 819173 283
729 819456 178
730 819634 218
731 819852 171
732 820023 658
733 820681 211
734 820892 205
735 821097 193
736 821290 193
737 821483 190
738 821673 205
739 821878 199
740 822077 620
741 822697 190
742 822887 600
743 823487 220
744 823707 636
745 824343 622
746 824965 630
747 825595 637
748 826232 637
749 826869 633
750 827502 188
751 827690 640
752 828330 625
753 828955 658
754 829613 658
755 830271 220
756 830491 630
757 831121 198
758 831319 192
759 831511 646
760 832157 658
761 832815 199
762 833014 171
763 833185 190
764 833375 620
765 833995 633
766 834628 646
767 835274 634
768 835908 600
769 836508 204
770 836712 640
771 837352 621
772 837973 658
773 838631 230
774 838861 629
775 839490 211
776 839701 178
777 839879 646
778 840525 658
779 841183 628
780 841811 197
781 842008 165
782 842173 215
783 842388 620
784 843008 631
785 843639 648
786 844287 638
787 844925 658
788 845583 190
789 845773 600
790 846373 230
791 846603 639
792 847242 201
793 847443 658
794 848101 188
795 848289 681
796 848970 218
797 849188 673
798 849861 238
799 850099 630
800 850729 212
801 850941 646
802 851587 657
803 852244 649
804 852893 666
805 853559 661
806 854220 665
807 854885 668
808 855553 662
809 856215 664
810 856879 640
811 857519 636
812 858155 633
813 858788 631
814 859419 632
815 860051 647
816 860698 666
817 861364 600
818 861964 626
819 862590 193
820 862783 198
821 862981 624
822 863605 658
823 864263 627
824 864890 646
825 865536 239
826 865775 165
827 865940 165
828 866105 618
829 866723 637
830 867360 650
831 868010 639
832 868649 641
833 869290 190
834 869480 602
835 870082 658
836 870740 196
837 870936 204
838 871140 623
839 871763 658
840 872421 257
841 872678 180
842 872858 183
843 873041 626
844 873667 178
845 873845 645
846 874490 225
847 874715 616
848 875331 601
849 875932 165
850 876097 192
851 876289 202
852 876491 639
853 877130 215
854 877345 632
855 877977 637
856 878614 647
857 879261 637
858 879898 666
859 880564 659
860 881223 192
861 881415 623
862 882038 659
863 882697 249
864 882946 613
865 883559 201
866 883760 638
867 884398 242
868 884640 220
869 884860 632
870 885492 647
871 886139 187
872 886326 189
873 886515 663
874 887178 660
875 887838 672
876 888510 649
877 889159 651
878 889810 662
879 890472 627
880 891099 633
881 891732 637
882 892369 619
883 892988 631
884 893619 637
885 894256 647
886 894903 635
887 895538 691
888 896229 602
889 896831 659
890 897490 192
891 897682 622
892 898304 241
893 898545 240
894 898785 635
895 899420 643
896 900063 655
897 900718 214
898 900932 229
899 901161 223
900 901384 618
901 902002 632
902 902634 644
903 903278 641
904 903919 197
905 904116 659
906 904775 649
907 905424 207
908 905631 621
909 906252 207
910 906459 268
911 906727 212
912 906939 659
913 907598 602
914 908200 661
915 908861 186
916 909047 621
917 909668 200
918 909868 639
919 910507 624
920 911131 191
921 911322 626
922 911948 659
923 912607 195
924 912802 201
925 913003 189
926 913192 234
927 913426 637
928 914063 641
929 914704 657
930 915361 657
931 916018 640
932 916658 659
933 917317 648
934 917965 661
935 918626 5327
936 923953 1321
937 925274 14613
938 939887 1113
939 941000 1334
940 942334 2519
941 944853 3106
942 947959 6223
943 954182 9221
944 963403 11714
945 975117 6519
946 981636 10047
947 991683 206
948 991889 267
949 992156 194
950 992350 228
951 992578 206
952 992784 251
953 993035 5995
954 999030 1240
955 1000270 9999
956 1010269 5521
957 1015790 2007
958 1017797 2334
959 1020131 1431
960 1021562 1511
961 1023073 1576
962 1024649 1650
963 1026299 2562
964 1028861 3318
965 1032179 3691
966 1035870 6167
967 1042037 2567
968 1044604 2772
969 1047376 9378
970 1056754 1395
971 1058149 1943
972 1060092 1413
973 1061505 1709
974 1063214 2887
975 1066101 8180
976 1074281 3502
977 1077783 1656
978 1079439 1666
979 1081105 3773
980 1084878 1036
981 1085914 15104
982 1101018 4144
983 1105162 3498
984 1108660 3509
985 1112169 1227
986 1113396 4804
987 1118200 773
988 1118973 510
989 1119483 7802
990 1127285 2870
991 1130155 2746
992 1132901 1224
993 1134125 1004
994 1135129 2156
995 1137285 206
996 1137491 261
997 1137752 11874
998 1149626 5911
999 1155537 1777
1000 1157314 22683
1001 1179997 1519
1002 1181516 6426
1003 1187942 9590
1004 1197532 3788
1005 1201320 2112
1006 1203432 3175
1007 1206607 2123
1008 1208730 1139
1009 1209869 5194
1010 1215063 6667
1011 1221730 1430
1012 1223160 2258
1013 1225418 1970
1014 1227388 6061
1015 1233449 1469
1016 1234918 3190
1017 1238108 1996
1018 1240104 2621
1019 1242725 2625
1020 1245350 1425
1021 1246775 8508
1022 1255283 3922
1023 1259205 1492
1024 1260697 10458
1025 1271155 4112
1026 1275267 7215
1027 1282482 10048
1028 1292530 3372
1029 1295902 4385
1030 1300287 4674
1031 1304961 3006
1032 1307967 3086
1033 1311053 1969
1034 1313022 1682
1035 1314704 1728
1036 1316432 2077
1037 1318509 996
1038 1319505 1906
1039 1321411 2211
1040 1323622 5411
1041 1329033 1757
1042 1330790 1909
1043 1332699 2207
1044 1334906 2199
1045 1337105 2396
1046 1339501 4967
1047 1344468 13688
1048 1358156 5385
1049 1363541 989
1050 1364530 14518
1051 1379048 1867
1052 1380915 1618
1053 1382533 1108
1054 1383641 1777
1055 1385418 6091
1056 1391509 3001
1057 1394510 3091
1058 1397601 1967
1059 1399568 2863
1060 1402431 5416
1061 1407847 15405
1062 1423252 3368
1063 1426620 2553
1064 1429173 1355
1065 1430528 2310
1066 1432838 1624
1067 1434462 1309
1068 1435771 1717
1069 1437488 2077
1070 1439565 2616
1071 1442181 1508
1072 1443689 1502
1073 1445191 1407
1074 1446598 5145
1075 1451743 7838
1076 1459581 5332
1077 1464913 11021
1078 1475934 7281
1079 1483215 3702
1080 1486917 492
1081 1487409 5227
1082 1492636 3095
1083 1495731 3893
1084 1499624 763
1085 1500387 5686
1086 1506073 2152
1087 1508225 3680
1088 1511905 2100
1089 1514005 4840
1090 1518845 10156
1091 1529001 601
1092 1529602 3467
1093 1533069 3777
1094 1536846 9870
1095 1546716 1645
1096 1548361 5594
1097 1553955 1996
1098 1555951 1378
1099 1557329 4590
1100 1561919 3589
1101 1565508 1817
1102 1567325 1497
1103 1568822 4730
1104 1573552 2905
1105 1576457 8573
1106 1585030 7789
1107 1592819 5320
1108 1598139 3055
1109 1601194 7138
1110 1608332 1208
1111 1609540 2815
1112 1612355 2602
1113 1614957 1962
1114 1616919 2331
1115 1619250 538
1116 1619788 531
1117 1620319 2087
1118 1622406 5894
1119 1628300 3086
1120 1631386 3628
1121 1635014 3052
1122 1638066 4052
1123 1642118 3650
1124 1645768 4494
1125 1650262 1034
1126 1651296 1788
1127 1653084 5608
1128 1658692 2107
1129 1660799 1808
1130 1662607 15866
1131 1678473 5945
1132 1684418 2266
1133 1686684 2630
1134 1689314 5415
1135 1694729 3934
1136 1698663 13783
1137 1712446 3838
1138 1716284 1861
1139 1718145 3651
1140 1721796 6606
1141 1728402 2973
1142 1731375 577
1143 1731952 4568
1144 1736520 4755
1145 1741275 752
1146 1742027 1313
1147 1743340 5535
1148 1748875 1974
1149 1750849 2682
1150 1753531 1234
1151 1754765 1157
1152 1755922 3187
1153 1759109 2614
1154 1761723 5262
1155 1766985 1935
1156 1768920 2590
1157 1771510 4795
1158 1776305 4748
1159 1781053 4507
1160 1785560 3108
1161 1788668 7715
1162 1796383 5833
1163 1802216 3549
1164 1805765 3364
1165 1809129 3515
1166 1812644 2060
1167 1814704 5430
1168 1820134 7546
1169 1827680 5462
1170 1833142 8288
1171 1841430 6353
1172 1847783 1879
1173 1849662 5321
1174 1854983 692
1175 1855675 837
1176 1856512 3170
1177 1859682 942
1178 1860624 4250
1179 1864874 3692
1180 1868566 1829
1181 1870395 1170
1182 1871565 1658
1183 1873223 2520
1184 1875743 4704
1185 1880447 2264
1186 1882711 1994
1187 1884705 1215
1188 1885920 1505
1189 1887425 576
1190 1888001 3987
1191 1891988 1470
1192 1893458 2504
1193 1895962 2088
1194 1898050 2510
1195 1900560 2261
1196 1902821 3506
1197 1906327 1694
1198 1908021 1144
1199 1909165 2047
1200 1911212 1917
1201 1913129 4312
1202 1917441 14618
1203 1932059 2144
1204 1934203 6607
1205 1940810 13750
1206 1954560 9081
1207 1963641 3725
1208 1967366 4626
1209 1971992 3659
1210 1975651 5691
1211 1981342 1710
1212 1983052 9115
1213 1992167 4006
1214 1996173 1911
1215 1998084 9783
1216 2007867 6506
1217 2014373 2472
1218 2016845 4548
1219 2021393 7570
1220 2028963 2105
1221 2031068 3724
1222 2034792 4332
1223 2039124 1105
1224 2040229 2233
1225 2042462 3245
1226 2045707 3748
1227 2049455 4261
1228 2053716 3618
1229 2057334 14618
1230 2071952 3065
1231 2075017 4833
1232 2079850 4116
1233 2083966 2634
1234 2086600 2737
1235 2089337 3583
1236 2092920 3481
1237 2096401 19808
1238 2116209 4011
1239 2120220 1265
1240 2121485 4185
1241 2125670 3687
1242 2129357 5360
1243 2134717 4332
1244 2139049 3806
1245 2142855 4384
1246 2147239 3081
1247 2150320 1701
1248 2152021 4316
1249 2156337 3748
1250 2160085 3190
1251 2163275 4009
1252 2167284 4171
1253 2171455 3555
1254 2175010 3655
1255 2178665 3817
1256 2182482 4016
1257 2186498 3483
1258 2189981 4322
1259 2194303 10523
1260 2204826 3775
1261 2208601 4731
1262 2213332 3515
1263 2216847 4033
1264 2220880 4197
1265 2225077 3963
1266 2229040 3490
1267 2232530 2857
1268 2235387 3102
1269 2238489 3144
1270 2241633 4073
1271 2245706 3279
1272 2248985 19368
1273 2268353 4366
1274 2272719 3419
1275 2276138 1565
1276 2277703 3465
1277 2281168 3527
1278 2284695 19553
1279 2304248 4685
1280 2308933 1522
1281 2310455 3425
1282 2313880 4860
1283 2318740 4158
1284 2322898 3354
1285 2326252 1238
1286 2327490 3465
1287 2330955 5457
1288 2336412 3787
1289 2340199 5077
1290 2345276 3183
1291 2348459 3301
1292 2351760 3742
1293 2355502 3492
1294 2358994 2748
1295 2361742 3250
1296 2364992 3658
1297 2368650 3207
1298 2371857 3562
1299 2375419 18951
1300 2394370 4528
1301 2398898 3793
1302 2402691 3633
1303 2406324 4341
1304 2410665 1250
1305 2411915 944
1306 2412859 2972
1307 2415831 4083
1308 2419914 3561
1309 2423475 2860
1310 2426335 2624
1311 2428959 4234
1312 2433193 3839
1313 2437032 4834
1314 2441866 3341
1315 2445207 4827
1316 2450034 3327
1317 2453361 3287
1318 2456648 3659
1319 2460307 3351
1320 2463658 3702
1321 2467360 6368
1322 2473728 1499
1323 2475227 2696
1324 2477923 2105
1325 2480028 3120
1326 2483148 1614
1327 2484762 8526
1328 2493288 3402
1329 2496690 1377
1330 2498067 7927
1331 2505994 8211
1332 2514205 8648
1333 2522853 5697
1334 2528550 7430
1335 2535980 5502
1336 2541482 1806
1337 2543288 6435
1338 2549723 9047
1339 2558770 3875
1340 2562645 4604
1341 2567249 2738
1342 2569987 2408
1343 2572395 3872
1344 2576267 4820
1345 2581087 4273
1346 2585360 3258
1347 2588618 7063
1348 2595681 8586
1349 2604267 8499
1350 2612766 2807
1351 2615573 656
1352 2616229 4200
1353 2620429 8146
1354 2628575 8347
1355 2636922 5418
1356 2642340 2423
1357 2644763 7608
1358 2652371 6652
1359 2659023 3472
1360 2662495 2909
1361 2665404 1069
1362 2666473 3063
1363 2669536 10610
1364 2680146 7573
1365 2687719 7626
1366 2695345 1050
1367 2696395 2978
1368 2699373 1803
1369 2701176 6951
1370 2708127 4071
1371 2712198 1041
1372 2713239 9589
1373 2722828 9640
1374 2732468 2715
1375 2735183 3803
1376 2738986 5700
1377 2744686 14792
1378 2759478 3054
1379 2762532 4465
1380 2766997 7901
1381 2774898 6508
1382 2781406 2516
1383 2783922 3875
1384 2787797 3810
1385 2791607 1868
1386 2793475 3395
1387 2796870 5087
1388 2801957 2249
1389 2804206 1115
1390 2805321 1372
1391 2806693 4004
1392 2810697 999
1393 2811696 3495
1394 2815191 3309
1395 2818500 3684
1396 2822184 3285
1397 2825469 2473
1398 2827942 995
1399 2828937 1270
1400 2830207 8075
1401 2838282 7021
1402 2845303 4492
1403 2849795 7306
1404 2857101 1004
1405 2858105 3338
1406 2861443 9079
1407 2870522 2156
1408 2872678 6304
1409 2878982 6295
1410 2885277 1151
1411 2886428 839
1412 2887267 6809
1413 2894076 3590
1414 2897666 2689
1415 2900355 1032
1416 2901387 6725
1417 2908112 8231
1418 2916343 3727
1419 2920070 5032
1420 2925102 3512
1421 2928614 1900
1422 2930514 1003
1423 2931517 1422
1424 2932939 1181
1425 2934120 2110
1426 2936230 1310
1427 2937540 1749
1428 2939289 1819
1429 2941108 2193
1430 2943301 1815
1431 2945116 7678
1432 2952794 18366
1433 2971160 3890
1434 2975050 4422
1435 2979472 3357
1436 2982829 3560
1437 2986389 10524
1438 2996913 4076
1439 3000989 1230
1440 3002219 905
1441 3003124 1517
1442 3004641 978
1443 3005619 1986
1444 3007605 4475
1445 3012080 1643
1446 3013723 6255
1447 3019978 7711
1448 3027689 2006
1449 3029695 4016
1450 3033711 2686
1451 3036397 4784
1452 3041181 8861
1453 3050042 4990
1454 3055032 7988
1455 3063020 4798
1456 3067818 10052
1457 3077870 2225
1458 3080095 1630
1459 3081725 2114
1460 3083839 1889
1461 3085728 2450
1462 3088178 2908
1463 3091086 2596
1464 3093682 13315
1465 3106997 2503
1466 3109500 2274
1467 3111774 2528
1468 3114302 3100
1469 3117402 1601
1470 3119003 10174
1471 3129177 9666
1472 3138843 4734
1473 3143577 7014
1474 3150591 3674
1475 3154265 3441
1476 3157706 2861
1477 3160567 5892
1478 3166459 3098
1479 3169557 5873
1480 3175430 4787
1481 3180217 13749
1482 3193966 3845
1483 3197811 2984
1484 3200795 1638
1485 3202433 8123
1486 3210556 5706
1487 3216262 12517
1488 3228779 2219
1489 3230998 5482
1490 3236480 5864
1491 3242344 7942
1492 3250286 10157
1493 3260443 3617
1494 3264060 3403
1495 3267463 2199
1496 3269662 399
1497 3270061 3798
1498 3273859 2045
1499 3275904 1498
1500 3277402 7393
1501 3284795 1035
1502 3285830 959
1503 3286789 1692
1504 3288481 3293
1505 3291774 1840
1506 3293614 4076
1507 3297690 2185
1508 3299875 1412
1509 3301287 4935
1510 3306222 2617
1511 3308839 1768
1512 3310607 1991
1513 3312598 3768
1514 3316366 2713
1515 3319079 526
1516 3319605 4162
1517 3323767 6084
1518 3329851 1750
1519 3331601 3605
1520 3335206 2467
1521 3337673 6035
1522 3343708 5792
1523 3349500 7778
1524 3357278 4951
1525 3362229 919
1526 3363148 2045
1527 3365193 4077
1528 3369270 3506
1529 3372776 618
1530 3373394 4071
1531 3377465 2922
1532 3380387 2865
1533 3383252 3517
1534 3386769 5624
1535 3392393 4659
1536 3397052 5106
1537 3402158 2719
1538 3404877 9180
1539 3414057 5560
1540 3419617 7367
1541 3426984 3500
1542 3430484 3746
1543 3434230 2620
1544 3436850 8378
1545 3445228 1320
1546 3446548 1896
1547 3448444 3100
1548 3451544 4572
1549 3456116 2037
1550 3458153 1213
1551 3459366 1233
1552 3460599 5301
1553 3465900 2795
1554 3468695 4028
1555 3472723 1150
1556 3473873 2036
1557 3475909 2158
1558 3478067 1351
1559 3479418 2906
1560 3482324 1598
1561 3483922 7333
1562 3491255 751
1563 3492006 546
1564 3492552 686
1565 3493238 547
1566 3493785 585
1567 3494370 1355
1568 3495725 3538
1569 3499263 3753
1570 3503016 526
1571 3503542 2099
1572 3505641 1352
1573 3506993 3410
1574 3510403 6264
1575 3516667 3282
1576 3519949 5338
1577 3525287 3024
1578 3528311 3825
1579 3532136 3304
1580 3535440 3053
1581 3538493 2115
1582 3540608 1949
1583 3542557 3212
1584 3545769 3791
1585 3549560 225
1586 3549785 1956
1587 3551741 2186
1588 3553927 3823
1589 3557750 3814
1590 3561564 3636
1591 3565200 11166
1592 3576366 10089
1593 3586455 2065
1594 3588520 3838
1595 3592358 3462
1596 3595820 4232
1597 3600052 1531
1598 3601583 1472
1599 3603055 2367
1600 3605422 1964
1601 3607386 3116
1602 3610502 2775
1603 3613277 1933
1604 3615210 2402
1605 3617612 5121
1606 3622733 9806
1607 3632539 1667
1608 3634206 756
1609 3634962 741
1610 3635703 2935
1611 3638638 1885
1612 3640523 3197
1613 3643720 2907
1614 3646627 2970
1615 3649597 3022
1616 3652619 2452
1617 3655071 2483
1618 3657554 2552
1619 3660106 868
1620 3660974 1610
1621 3662584 5844
1622 3668428 2592
1623 3671020 1302
1624 3672322 2059
1625 3674381 1594
1626 3675975 2912
1627 3678887 5817
1628 3684704 1209
1629 3685913 2836
1630 3688749 1858
1631 3690607 1251
1632 3691858 1135
1633 3692993 1792
1634 3694785 6006
1635 3700791 1816
1636 3702607 3454
1637 3706061 1609
1638 3707670 627
1639 3708297 2718
1640 3711015 913
1641 3711928 5775
1642 3717703 5225
1643 3722928 1627
1644 3724555 778
1645 3725333 807
1646 3726140 2499
1647 3728639 5814
1648 3734453 3753
1649 3738206 3729
1650 3741935 3687
1651 3745622 3782
1652 3749404 3864
1653 3753268 4068
1654 3757336 3885
1655 3761221 3810
1656 3765031 3834
1657 3768865 3852
1658 3772717 3771
1659 3776488 3810
1660 3780298 3828
1661 3784126 3824
1662 3787950 3871
1663 3791821 3710
1664 3795531 643
1665 3796174 5834
1666 3802008 699
1667 3802707 2819
1668 3805526 2882
1669 3808408 1107
1670 3809515 1290
1671 3810805 7595
1672 3818400 1499
1673 3819899 2311
1674 3822210 2111
1675 3824321 1472
1676 3825793 998
1677 3826791 1717
1678 3828508 2637
1679 3831145 1924
1680 3833069 17055
1681 3850124 1561
1682 3851685 4862
1683 3856547 2123
1684 3858670 2834
1685 3861504 6294
1686 3867798 548
1687 3868346 4048
1688 3872394 2056
1689 3874450 1227
1690 3875677 4673
1691 3880350 868
1692 3881218 2132
1693 3883350 1910
1694 3885260 4197
1695 3889457 4710
1696 3894167 9252
1697 3903419 4145
1698 3907564 2721
1699 3910285 859
1700 3911144 824
1701 3911968 923
1702 3912891 1067
1703 3913958 2152
1704 3916110 1014
1705 3917124 5451
1706 3922575 1983
1707 3924558 1513
1708 3926071 1868
1709 3927939 1182
1710 3929121 1189
1711 3930310 6970
1712 3937280 3768
1713 3941048 1034
1714 3942082 2484
1715 3944566 2243
1716 3946809 3234
1717 3950043 2599
1718 3952642 30054
1719 3982696 1108
1720 3983804 1758
1721 3985562 5121
1722 3990683 1262
1723 3991945 1662
1724 3993607 1743
1725 3995350 2422
1726 3997772 1690
1727 3999462 1594
1728 4001056 2651
1729 4003707 3234
1730 4006941 4676
1731 4011617 1796
1732 4013413 967
1733 4014380 1506
1734 4015886 2066
1735 4017952 1540
1736 4019492 1812
1737 4021304 1300
1738 4022604 1919
1739 4024523 1635
1740 4026158 872
1741 4027030 2730
1742 4029760 1887
1743 4031647 6167
1744 4037814 2741
1745 4040555 1416
1746 4041971 1218
1747 4043189 2700
1748 4045889 1469
1749 4047358 2329
1750 4049687 1480
1751 4051167 1352
1752 4052519 2204
1753 4054723 1533
1754 4056256 5232
1755 4061488 2600
1756 4064088 5622
1757 4069710 1688
1758 4071398 1310
1759 4072708 2983
1760 4075691 1615
1761 4077306 2803
1762 4080109 1307
1763 4081416 874
1764 4082290 1621
1765 4083911 4009
1766 4087920 3250
1767 4091170 2999
1768 4094169 3371
1769 4097540 2726
1770 4100266 1421
1771 4101687 1384
1772 4103071 898
1773 4103969 2179
1774 4106148 1641
1775 4107789 1104
1776 4108893 3338
1777 4112231 3215
1778 4115446 3792
1779 4119238 1768
1780 4121006 4886
1781 4125892 3878
1782 4129770 1799
1783 4131569 983
1784 4132552 1284
1785 4133836 999
1786 4134835 1176
1787 4136011 5100
1788 4141111 2295
1789 4143406 1869
1790 4145275 1143
1791 4146418 1306
1792 4147724 1252
1793 4148976 4197
1794 4153173 1520
1795 4154693 2703
1796 4157396 2155
1797 4159551 1113
1798 4160664 1848
1799 4162512 5013
1800 4167525 2352
1801 4169877 773
1802 4170650 3241
1803 4173891 778
1804 4174669 6228
1805 4180897 6370
1806 4187267 5748
1807 4193015 10759
1808 4203774 3804
1809 4207578 1595
1810 4209173 2160
1811 4211333 4323
1812 4215656 6396
1813 4222052 3059
1814 4225111 6109
1815 4231220 6090
1816 4237310 1704
1817 4239014 6483
1818 4245497 3286
1819 4248783 6721
1820 4255504 9045
1821 4264549 1436
1822 4265985 2921
1823 4268906 1786
1824 4270692 3362
1825 4274054 6024
1826 4280078 6804
1827 4286882 6314
1828 4293196 6436
1829 4299632 9711
1830 4309343 9752
1831 4319095 1192
1832 4320287 725
1833 4321012 1158
1834 4322170 680
1835 4322850 1403
1836 4324253 2792
1837 4327045 2329
1838 4329374 5539
1839 4334913 12229
1840 4347142 2608
1841 4349750 26097
1842 4375847 3722
1843 4379569 4047
1844 4383616 12442
1845 4396058 4413
1846 4400471 3903
1847 4404374 14663
1848 4419037 12285
1849 4431322 3687
1850 4435009 1648
1851 4436657 1815
1852 4438472 724
1853 4439196 3243
1854 4442439 2868
1855 4445307 9630
1856 4454937 1146
1857 4456083 1797
1858 4457880 5512
1859 4463392 4609
1860 4468001 4555
1861 4472556 4406
1862 4476962 1870
1863 4478832 4382
1864 4483214 3687
1865 4486901 6176
1866 4493077 4203
1867 4497280 1117
1868 4498397 746
1869 4499143 8856
1870 4507999 7019
1871 4515018 1524
1872 4516542 2490
1873 4519032 1099
1874 4520131 1037
1875 4521168 1028
1876 4522196 5339
1877 4527535 759
1878 4528294 678
1879 4528972 4030
1880 4533002 1321
1881 4534323 864
1882 4535187 695
1883 4535882 1000
1884 4536882 738
1885 4537620 1765
1886 4539385 12311
1887 4551696 4339
1888 4556035 11204
1889 4567239 8513
1890 4575752 4232
1891 4579984 3233
1892 4583217 12865
1893 4596082 4582
1894 4600664 2379
1895 4603043 2435
1896 4605478 667
1897 4606145 1384
1898 4607529 10090
1899 4617619 21769
1900 4639388 879
1901 4640267 3521
1902 4643788 3842
1903 4647630 1430
1904 4649060 1075
1905 4650135 5767
1906 4655902 1220
1907 4657122 918
1908 4658040 10828
1909 4668868 1363
1910 4670231 17733
1911 4687964 9481
1912 4697445 2851
1913 4700296 3978
1914 4704274 1363
1915 4705637 4606
1916 4710243 5963
1917 4716206 1067
1918 4717273 885
1919 4718158 2309
1920 4720467 8173
1921 4728640 3262
1922 4731902 1849
1923 4733751 537
1924 4734288 1555
1925 4735843 2283
1926 4738126 3815
1927 4741941 5941
1928 4747882 1337
1929 4749219 3175
1930 4752394 1247
1931 4753641 1321
1932 4754962 1111
1933 4756073 5543
1934 4761616 937
1935 4762553 4371
1936 4766924 350
1937 4767274 8882
1938 4776156 3597
1939 4779753 1613
1940 4781366 1345
1941 4782711 6402
1942 4789113 4079
1943 4793192 1257
1944 4794449 2950
1945 4797399 1786
1946 4799185 12823
1947 4812008 4036
1948 4816044 1371
1949 4817415 3965
1950 4821380 12945
1951 4834325 1590
1952 4835915 1459
1953 4837374 2164
1954 4839538 1770
1955 4841308 1642
1956 4842950 811
1957 4843761 8134
1958 4851895 1089
1959 4852984 2428
1960 4855412 6440
1961 4861852 7557
1962 4869409 2171
1963 4871580 6394
1964 4877974 3997
1965 4881971 1397
1966 4883368 8337
1967 4891705 6898
1968 4898603 9533
1969 4908136 3646
1970 4911782 2229
1971 4914011 3395
1972 4917406 4732
1973 4922138 1685
1974 4923823 2692
1975 4926515 2760
1976 4929275 1932
1977 4931207 2451
1978 4933658 7177
1979 4940835 1569
1980 4942404 1160
1981 4943564 1160
1982 4944724 1152
1983 4945876 1160
1984 4947036 1160
1985 4948196 1160
1986 4949356 1160
1987 4950516 1160
1988 4951676 1160
1989 4952836 803
1990 4953639 1135
1991 4954774 8095
1992 4962869 5561
1993 4968430 1335
1994 4969765 2019
1995 4971784 4770
1996 4976554 6800
1997 4983354 8201
1998 4991555 3931
1999 4995486 5505
2000 5000991 1259
2001 5002250 8871
2002 5011121 6031
2003 5017152 2075
2004 5019227 4470
2005 5023697 1957
2006 5025654 9319
2007 5034973 2415
2008 5037388 1283
2009 5038671 2936
2010 5041607 2170
2011 5043777 3027
2012 5046804 953
2013 5047757 3783
2014 5051540 2609
2015 5054149 1527
2016 5055676 3422
2017 5059098 1669
2018 5060767 6387
2019 5067154 2481
2020 5069635 2168
2021 5071803 5087
2022 5076890 8583
2023 5085473 5205
2024 5090678 1103
2025 5091781 1315
2026 5093096 1478
2027 5094574 2481
2028 5097055 2377
2029 5099432 1835
2030 5101267 3518
2031 5104785 2435
2032 5107220 3942
2033 5111162 3770
2034 5114932 452
2035 5115384 13402
2036 5128786 9619
2037 5138405 2477
2038 5140882 2099
2039 5142981 2447
2040 5145428 2671
2041 5148099 6398
2042 5154497 8013
2043 5162510 5245
2044 5167755 5963
2045 5173718 4575
2046 5178293 2511
2047 5180804 2499
2048 5183303 7430
2049 5190733 8527
2050 5199260 5421
2051 5204681 659
2052 5205340 2810
2053 5208150 3261
2054 5211411 1150
2055 5212561 1793
2056 5214354 1936
2057 5216290 652
2058 5216942 493
2059 5217435 616
2060 5218051 2588
2061 5220639 1933
2062 5222572 5785
2063 5228357 2048
2064 5230405 3836
2065 5234241 8149
2066 5242390 4203
2067 5246593 2399
2068 5248992 1589
2069 5250581 3024
2070 5253605 1791
2071 5255396 8322
2072 5263718 1711
2073 5265429 3772
2074 5269201 2440
2075 5271641 2065
2076 5273706 2535
2077 5276241 3461
2078 5279702 2487
2079 5282189 2542
2080 5284731 20291
2081 5305022 4395
2082 5309417 4499
2083 5313916 4168
2084 5318084 1558
2085 5319642 4510
2086 5324152 1388
2087 5325540 1206
2088 5326746 1504
2089 5328250 7452
2090 5335702 2204
2091 5337906 18051
2092 5355957 8904
2093 5364861 5701
2094 5370562 4049
2095 5374611 3586
2096 5378197 2078
2097 5380275 16398
2098 5396673 4485
2099 5401158 1178
2100 5402336 1952
2101 5404288 1378
2102 5405666 8201
2103 5413867 5197
2104 5419064 1954
2105 5421018 8230
2106 5429248 7587
2107 5436835 8531
2108 5445366 6770
2109 5452136 15117
2110 5467253 7567
2111 5474820 1395
2112 5476215 1596
2113 5477811 2178
2114 5479989 1372
2115 5481361 843
2116 5482204 6397
2117 5488601 2158
2118 5490759 8323
2119 5499082 4249
2120 5503331 1902
2121 5505233 5263
2122 5510496 5495
2123 5515991 9142
2124 5525133 4718
2125 5529851 3798
2126 5533649 1099
2127 5534748 1451
2128 5536199 1384
2129 5537583 9105
2130 5546688 322
2131 5547010 1754
2132 5548764 794
2133 5549558 1481
2134 5551039 12579
2135 5563618 8059
2136 5571677 4104
2137 5575781 5026
2138 5580807 4489
2139 5585296 8966
2140 5594262 2243
2141 5596505 5390
2142 5601895 2951
2143 5604846 3136
2144 5607982 1707
2145 5609689 8117
2146 5617806 3715
2147 5621521 14197
2148 5635718 3308
2149 5639026 3902
2150 5642928 4338
2151 5647266 11618
2152 5658884 955
2153 5659839 8029
2154 5667868 6291
2155 5674159 807
2156 5674966 5707
2157 5680673 15725
2158 5696398 941
2159 5697339 6090
2160 5703429 702
2161 5704131 5286
2162 5709417 8087
2163 5717504 1466
2164 5718970 4388
2165 5723358 726
2166 5724084 8938
2167 5733022 1385
2168 5734407 2826
2169 5737233 2715
2170 5739948 1259
2171 5741207 1115
2172 5742322 870
2173 5743192 990
2174 5744182 1005
2175 5745187 2369
2176 5747556 1753
2177 5749309 1162
2178 5750471 912
2179 5751383 1143
2180 5752526 1367
2181 5753893 1008
2182 5754901 1959
2183 5756860 2635
2184 5759495 1285
2185 5760780 2752
2186 5763532 2828
2187 5766360 3009
2188 5769369 1072
2189 5770441 3637
2190 5774078 2555
2191 5776633 4306
2192 5780939 5893
2193 5786832 3311
2194 5790143 932
2195 5791075 2339
2196 5793414 4639
2197 5798053 2324
2198 5800377 806
2199 5801183 5817
2200 5807000 1246
2201 5808246 6027
2202 5814273 886
2203 5815159 885
2204 5816044 3286
2205 5819330 6429
2206 5825759 838
2207 5826597 3432
2208 5830029 4049
2209 5834078 1259
2210 5835337 1093
2211 5836430 1814
2212 5838244 1547
2213 5839791 2509
2214 5842300 2508
2215 5844808 1760
2216 5846568 1391
2217 5847959 2922
2218 5850881 2449
2219 5853330 1580
2220 5854910 1873
2221 5856783 1093
2222 5857876 963
2223 5858839 3376
2224 5862215 1970
2225 5864185 1941
2226 5866126 2236
2227 5868362 1966
2228 5870328 3136
2229 5873464 1806
2230 5875270 3209
2231 5878479 3813
2232 5882292 529
2233 5882821 1117
2234 5883938 822
2235 5884760 2580
2236 5887340 1069
2237 5888409 2292
2238 5890701 1436
2239 5892137 736
2240 5892873 1689
2241 5894562 2550
2242 5897112 1578
2243 5898690 2298
2244 5900988 2401
2245 5903389 2261
2246 5905650 1079
2247 5906729 2532
2248 5909261 1438
2249 5910699 4198
2250 5914897 2121
2251 5917018 1802
2252 5918820 2261
2253 5921081 4225
2254 5925306 549
2255 5925855 842
2256 5926697 2576
2257 5929273 4251
2258 5933524 3570
2259 5937094 916
2260 5938010 3526
2261 5941536 1233
2262 5942769 2407
2263 5945176 2666
2264 5947842 799
2265 5948641 1113
2266 5949754 2956
2267 5952710 4428
2268 5957138 9696
2269 5966834 2208
2270 5969042 3183
2271 5972225 2118
2272 5974343 2299
2273 5976642 27060
2274 6003702 1912
2275 6005614 1792
2276 6007406 5392
2277 6012798 5482
2278 6018280 2519
2279 6020799 3430
2280 6024229 4794
2281 6029023 3745
2282 6032768 3398
2283 6036166 15506
2284 6051672 4162
2285 6055834 3615
2286 6059449 10175
2287 6069624 1700
2288 6071324 1521
2289 6072845 5886
2290 6078731 10978
2291 6089709 5272
2292 6094981 3874
2293 6098855 2217
2294 6101072 1328
2295 6102400 686
2296 6103086 1552
2297 6104638 4671
2298 6109309 2757
2299 6112066 1973
2300 6114039 8813
2301 6122852 6293
2302 6129145 5213
2303 6134358 1994
2304 6136352 6496
2305 6142848 2990
2306 6145838 2960
2307 6148798 7532
2308 6156330 1718
2309 6158048 2138
2310 6160186 2613
2311 6162799 1720
2312 6164519 1622
2313 6166141 10939
2314 6177080 7636
2315 6184716 3402
2316 6188118 3059
2317 6191177 1921
2318 6193098 5596
2319 6198694 8207
2320 6206901 3229
2321 6210130 599
2322 6210729 3678
2323 6214407 5145
2324 6219552 6931
2325 6226483 943
2326 6227426 4390
2327 6231816 3574
2328 6235390 2927
2329 6238317 5648
2330 6243965 5110
2331 6249075 7376
2332 6256451 1146
2333 6257597 3961
2334 6261558 1369
2335 6262927 7369
2336 6270296 3315
2337 6273611 4404
2338 6278015 4898
2339 6282913 2367
2340 6285280 2301
2341 6287581 1730
2342 6289311 15334
2343 6304645 9319
2344 6313964 5415
2345 6319379 1393
2346 6320772 5718
2347 6326490 1415
2348 6327905 6586
2349 6334491 4655
2350 6339146 4631
2351 6343777 9790
2352 6353567 1753
2353 6355320 3499
2354 6358819 15728
2355 6374547 9619
2356 6384166 3931
2357 6388097 7918
2358 6396015 13801
2359 6409816 3819
2360 6413635 14113
2361 6427748 5421
2362 6433169 1046
2363 6434215 1102
2364 6435317 6706
2365 6442023 2177
2366 6444200 1948
2367 6446148 6706
2368 6452854 6223
2369 6459077 3644
2370 6462721 647
2371 6463368 1853
2372 6465221 3097
2373 6468318 1274
2374 6469592 2317
2375 6471909 1129
2376 6473038 4128
2377 6477166 4344
2378 6481510 3771
2379 6485281 4293
2380 6489574 553
2381 6490127 1015
2382 6491142 1600
2383 6492742 3671
2384 6496413 3605
2385 6500018 4820
2386 6504838 2714
2387 6507552 2095
2388 6509647 3147
2389 6512794 818
2390 6513612 7198
2391 6520810 963
2392 6521773 3164
2393 6524937 2690
2394 6527627 2566
2395 6530193 4087
2396 6534280 2058
2397 6536338 1878
2398 6538216 4452
2399 6542668 1439
2400 6544107 4441
2401 6548548 3898
2402 6552446 5697
2403 6558143 6681
2404 6564824 4547
2405 6569371 1817
2406 6571188 1286
2407 6572474 2865
2408 6575339 6460
2409 6581799 2555
2410 6584354 3464
2411 6587818 2729
2412 6590547 2293
2413 6592840 10516
2414 6603356 780
2415 6604136 9132
2416 6613268 6830
2417 6620098 2221
2418 6622319 2537
2419 6624856 2407
2420 6627263 2386
2421 6629649 1363
2422 6631012 1152
2423 6632164 2962
2424 6635126 10188
2425 6645314 1293
2426 6646607 3985
2427 6650592 1141
2428 6651733 473
2429 6652206 10812
2430 6663018 1852
2431 6664870 3380
2432 6668250 3359
2433 6671609 3599
2434 6675208 9709
2435 6684917 2201
2436 6687118 1128
2437 6688246 797
2438 6689043 1071
2439 6690114 1849
2440 6691963 8538
2441 6700501 3472
2442 6703973 6362
2443 6710335 4831
2444 6715166 5627
2445 6720793 1723
2446 6722516 5377
2447 6727893 1708
2448 6729601 1727
2449 6731328 6819
2450 6738147 2801
2451 6740948 1513
2452 6742461 2083
2453 6744544 2597
2454 6747141 2594
2455 6749735 3797
2456 6753532 2012
2457 6755544 3132
2458 6758676 6335
2459 6765011 999
2460 6766010 6656
2461 6772666 953
2462 6773619 1163
2463 6774782 804
2464 6775586 6328
2465 6781914 2860
2466 6784774 5094
2467 6789868 9085
2468 6798953 7370
2469 6806323 1847
2470 6808170 5506
2471 6813676 3616
2472 6817292 1525
2473 6818817 657
2474 6819474 3300
2475 6822774 9186
2476 6831960 2895
2477 6834855 2233
2478 6837088 5730
2479 6842818 1316
2480 6844134 4428
2481 6848562 708
2482 6849270 2569
2483 6851839 1554
2484 6853393 1151
2485 6854544 2533
2486 6857077 4377
2487 6861454 2942
2488 6864396 5447
2489 6869843 5881
2490 6875724 4480
2491 6880204 2777
2492 6882981 2083
2493 6885064 1085
2494 6886149 823
2495 6886972 2654
2496 6889626 5798
2497 6895424 963
2498 6896387 1823
2499 6898210 1750
2500 6899960 7488
2501 6907448 1222
2502 6908670 2242
2503 6910912 2447
2504 6913359 1409
2505 6914768 598
2506 6915366 5019
2507 6920385 6137
2508 6926522 11639
2509 6938161 1233
2510 6939394 2358
2511 6941752 1045
2512 6942797 1280
2513 6944077 2198
2514 6946275 2836
2515 6949111 5202
2516 6954313 2456
2517 6956769 3038
2518 6959807 20095
2519 6979902 2864
2520 6982766 1628
2521 6984394 2262
2522 6986656 1476
2523 6988132 7366
2524 6995498 4618
2525 7000116 12606
2526 7012722 2428
2527 7015150 1838
2528 7016988 1461
2529 7018449 3124
2530 7021573 1394
2531 7022967 1119
2532 7024086 1146
2533 7025232 1352
2534 7026584 2401
2535 7028985 1975
2536 7030960 2376
2537 7033336 3481
2538 7036817 215
2539 7037032 986
2540 7038018 7335
2541 7045353 5225
2542 7050578 6585
2543 7057163 4449
2544 7061612 3714
2545 7065326 2765
2546 7068091 30938
2547 7099029 3977
2548 7103006 5302
2549 7108308 2860
2550 7111168 1980
2551 7113148 4758
2552 7117906 1241
2553 7119147 2577
2554 7121724 1965
2555 7123689 1571
2556 7125260 2570
2557 7127830 2017
2558 7129847 3762
2559 7133609 952
2560 7134561 1217
2561 7135778 1936
2562 7137714 1448
2563 7139162 3821
2564 7142983 5728
2565 7148711 2250
2566 7150961 2912
2567 7153873 1514
2568 7155387 5760
2569 7161147 2668
2570 7163815 1297
2571 7165112 1275
2572 7166387 1344
2573 7167731 7965
2574 7175696 1722
2575 7177418 2840
2576 7180258 1252
2577 7181510 1440
2578 7182950 5134
2579 7188084 3051
2580 7191135 1306
2581 7192441 2798
2582 7195239 1453
2583 7196692 939
2584 7197631 2785
2585 7200416 1504
2586 7201920 917
2587 7202837 3010
2588 7205847 8789
2589 7214636 2618
2590 7217254 1634
2591 7218888 2244
2592 7221132 2000
2593 7223132 6263
2594 7229395 2088
2595 7231483 1576
2596 7233059 4069
2597 7237128 2693
2598 7239821 2892
2599 7242713 1046
2600 7243759 1428
2601 7245187 5515
2602 7250702 1656
2603 7252358 3628
2604 7255986 2090
2605 7258076 5818
2606 7263894 6790
2607 7270684 1230
2608 7271914 1529
2609 7273443 366
2610 7273809 2208
2611 7276017 1751
2612 7277768 2955
2613 7280723 1229
2614 7281952 1969
2615 7283921 931
2616 7284852 1877
2617 7286729 2976
2618 7289705 6895
2619 7296600 2670
2620 7299270 1572
2621 7300842 1777
2622 7302619 1714
2623 7304333 969
2624 7305302 8968
2625 7314270 5619
2626 7319889 5677
2627 7325566 5494
2628 7331060 6751
2629 7337811 2082
2630 7339893 19465
2631 7359358 1828
2632 7361186 1246
2633 7362432 3044
2634 7365476 1866
2635 7367342 2701
2636 7370043 4183
2637 7374226 1421
2638 7375647 603
2639 7376250 6580
2640 7382830 2424
2641 7385254 1837
2642 7387091 3355
2643 7390446 1897
2644 7392343 13767
2645 7406110 550
2646 7406660 1648
2647 7408308 3039
2648 7411347 2376
2649 7413723 2840
2650 7416563 18382
2651 7434945 7413
2652 7442358 1306
2653 7443664 1084
2654 7444748 9086
2655 7453834 11275
2656 7465109 9260
2657 7474369 16015
2658 7490384 8762
2659 7499146 8454
2660 7507600 7389
2661 7514989 11300
2662 7526289 19513
2663 7545802 13563
2664 7559365 5491
2665 7564856 499
2666 7565355 839
2667 7566194 3203
2668 7569397 7349
2669 7576746 546
2670 7577292 1544
2671 7578836 3466
2672 7582302 2110
2673 7584412 8030
2674 7592442 8573
2675 7601015 4698
2676 7605713 2696
2677 7608409 4090
2678 7612499 5087
2679 7617586 7159
2680 7624745 3414
2681 7628159 2841
2682 7631000 1059
2683 7632059 1647
2684 7633706 6685
2685 7640391 1355
2686 7641746 11458
2687 7653204 6355
2688 7659559 4446
2689 7664005 25813
2690 7689818 3757
2691 7693575 5150
2692 7698725 8413
2693 7707138 9780
2694 7716918 6380
2695 7723298 9606
2696 7732904 12854
2697 7745758 4699
2698 7750457 10967
2699 7761424 6281
2700 7767705 1764
2701 7769469 3823
2702 7773292 4774
2703 7778066 3717
2704 7781783 10725
2705 7792508 9923
2706 7802431 6118
2707 7808549 6596
2708 7815145 5814
2709 7820959 4107
2710 7825066 3916
2711 7828982 3512
2712 7832494 3851
2713 7836345 3341
2714 7839686 12852
2715 7852538 4238
2716 7856776 2870
2717 7859646 5581
2718 7865227 15927
2719 7881154 4302
2720 7885456 726
2721 7886182 1211
2722 7887393 4419
2723 7891812 4393
2724 7896205 2098
2725 7898303 13047
2726 7911350 6716
2727 7918066 8843
2728 7926909 7756
2729 7934665 10707
2730 7945372 223
2731 7945595 7014
2732 7952609 8957
2733 7961566 8173
2734 7969739 8305
2735 7978044 3906
2736 7981950 5766
2737 7987716 10277
2738 7997993 13753
2739 8011746 4696
2740 8016442 538
2741 8016980 1542
2742 8018522 3097
2743 8021619 3698
2744 8025317 2017
2745 8027334 3233
2746 8030567 2878
2747 8033445 7594
2748 8041039 427
2749 8041466 529
2750 8041995 11277
2751 8053272 4508
2752 8057780 3693
2753 8061473 3424
2754 8064897 2068
2755 8066965 2018
2756 8068983 7148
2757 8076131 6481
2758 8082612 3707
2759 8086319 2263
2760 8088582 14986
2761 8103568 6431
2762 8109999 1345
2763 8111344 1992
2764 8113336 2954
2765 8116290 2601
2766 8118891 2153
2767 8121044 1605
2768 8122649 757
2769 8123406 1407
2770 8124813 751
2771 8125564 403
2772 8125967 4004
2773 8129971 3941
2774 8133912 3079
2775 8136991 4181
2776 8141172 7624
2777 8148796 5454
2778 8154250 1372
2779 8155622 5343
2780 8160965 1189
2781 8162154 945
2782 8163099 1875
2783 8164974 2436
2784 8167410 5513
2785 8172923 2527
2786 8175450 8117
2787 8183567 2487
2788 8186054 932
2789 8186986 863
2790 8187849 1659
2791 8189508 2255
2792 8191763 7303
2793 8199066 1657
2794 8200723 4785
2795 8205508 2473
2796 8207981 3654
2797 8211635 2709
2798 8214344 6985
2799 8221329 2320
2800 8223649 3039
2801 8226688 4621
2802 8231309 2539
2803 8233848 2901
2804 8236749 1922
2805 8238671 4754
2806 8243425 1651
2807 8245076 1020
2808 8246096 1817
2809 8247913 4626
2810 8252539 1690
2811 8254229 2702
2812 8256931 9366
2813 8266297 1894
2814 8268191 9107
2815 8277298 6175
2816 8283473 2973
2817 8286446 7899
2818 8294345 1751
2819 8296096 2218
2820 8298314 980
2821 8299294 2405
2822 8301699 1696
2823 8303395 1798
2824 8305193 7404
2825 8312597 3160
2826 8315757 1692
2827 8317449 1428
2828 8318877 7705
2829 8326582 2131
2830 8328713 1801
2831 8330514 1703
2832 8332217 2094
2833 8334311 1174
2834 8335485 431
2835 8335916 441
2836 8336357 457
2837 8336814 501
2838 8337315 471
2839 8337786 479
2840 8338265 503
2841 8338768 539
2842 8339307 517
2843 8339824 493
2844 8340317 485
2845 8340802 501
2846 8341303 469
2847 8341772 537
2848 8342309 6372
2849 8348681 3600
2850 8352281 6877
2851 8359158 10199
2852 8369357 2195
2853 8371552 3692
2854 8375244 2353
2855 8377597 3725
2856 8381322 3791
2857 8385113 10156
2858 8395269 2161
2859 8397430 2437
2860 8399867 1531
2861 8401398 7975
2862 8409373 6812
2863 8416185 4470
2864 8420655 9635
2865 8430290 6430
2866 8436720 2895
2867 8439615 5700
2868 8445315 10468
2869 8455783 4333
2870 8460116 6183
2871 8466299 4657
2872 8470956 2294
2873 8473250 3449
2874 8476699 8924
2875 8485623 1825
2876 8487448 5760
2877 8493208 4067
2878 8497275 2630
2879 8499905 1875
2880 8501780 7422
2881 8509202 4468
2882 8513670 2448
2883 8516118 3106
2884 8519224 3545
2885 8522769 5258
2886 8528027 1195
2887 8529222 1181
2888 8530403 3133
2889 8533536 7640
2890 8541176 7673
2891 8548849 1208
2892 8550057 6055
2893 8556112 1711
2894 8557823 2348
2895 8560171 4857
2896 8565028 1742
2897 8566770 3376
2898 8570146 1946
2899 8572092 1190
2900 8573282 2660
2901 8575942 689
2902 8576631 2819
2903 8579450 5229
2904 8584679 205
2905 8584884 1675
2906 8586559 2853
2907 8589412 4181
2908 8593593 1270
2909 8594863 1130
2910 8595993 1637
2911 8597630 1201
2912 8598831 1681
2913 8600512 843
2914 8601355 884
2915 8602239 3846
2916 8606085 849
2917 8606934 3133
2918 8610067 7864
2919 8617931 2566
2920 8620497 1525
2921 8622022 3180
2922 8625202 1177
2923 8626379 2718
2924 8629097 2370
2925 8631467 1365
2926 8632832 1048
2927 8633880 3691
2928 8637571 3091
2929 8640662 1483
2930 8642145 8372
2931 8650517 1482
2932 8651999 2075
2933 8654074 975
2934 8655049 1685
2935 8656734 1644
2936 8658378 933
2937 8659311 2446
2938 8661757 9665
2939 8671422 3978
2940 8675400 8089
2941 8683489 11553
2942 8695042 2051
2943 8697093 3611
2944 8700704 5173
2945 8705877 5338
2946 8711215 5166
2947 8716381 6344
2948 8722725 1037
2949 8723762 7202
2950 8730964 2947
2951 8733911 4223
2952 8738134 6428
2953 8744562 2889
2954 8747451 1598
2955 8749049 2925
2956 8751974 3405
2957 8755379 1776
2958 8757155 5558
2959 8762713 9076
2960 8771789 191
2961 8771980 2297
2962 8774277 8424
2963 8782701 6802
2964 8789503 6464
2965 8795967 3693
2966 8799660 3386
2967 8803046 2892
2968 8805938 3418
2969 8809356 474
2970 8809830 2172
2971 8812002 3930
2972 8815932 3619
2973 8819551 2914
2974 8822465 3583
2975 8826048 2700
2976 8828748 6565
2977 8835313 9426
2978 8844739 8443
2979 8853182 10530
2980 8863712 9697
2981 8873409 10279
2982 8883688 7961
2983 8891649 5477
2984 8897126 6247
2985 8903373 7496
2986 8910869 3554
2987 8914423 3993
2988 8918416 2374
2989 8920790 1561
2990 8922351 1666
2991 8924017 3155
2992 8927172 3517
2993 8930689 7603
2994 8938292 6345
2995 8944637 5940
2996 8950577 3576
2997 8954153 4597
2998 8958750 3487
2999 8962237 11607
3000 8973844 5155
3001 8978999 6644
3002 8985643 4809
3003 8990452 1074
3004 8991526 4170
3005 8995696 3661
3006 8999357 3446
3007 9002803 4315
3008 9007118 4908
3009 9012026 4561
3010 9016587 7989
3011 9024576 2249
3012 9026825 5541
3013 9032366 4381
3014 9036747 6535
3015 9043282 4793
3016 9048075 2171
3017 9050246 2147
3018 9052393 1497
3019 9053890 3317
3020 9057207 4599
3021 9061806 4138
3022 9065944 6239
3023 9072183 8581
3024 9080764 1857
3025 9082621 5784
3026 9088405 7278
3027 9095683 1289
3028 9096972 3424
3029 9100396 1630
3030 9102026 7298
3031 9109324 2758
3032 9112082 10143
3033 9122225 4296
3034 9126521 5808
3035 9132329 818
3036 9133147 3760
3037 9136907 1979
3038 9138886 1629
3039 9140515 226
3040 9140741 2826
3041 9143567 953
3042 9144520 1130
3043 9145650 15583
3044 9161233 6438
3045 9167671 13969
3046 9181640 742
3047 9182382 2057
3048 9184439 2614
3049 9187053 2790
3050 9189843 1783
3051 9191626 20069
3052 9211695 3577
3053 9215272 3559
3054 9218831 3400
3055 9222231 2108
3056 9224339 3367
3057 9227706 435
3058 9228141 2552
3059 9230693 2914
3060 9233607 13935
3061 9247542 1812
3062 9249354 4113
3063 9253467 2765
3064 9256232 2974
3065 9259206 934
3066 9260140 693
3067 9260833 20155
3068 9280988 3851
3069 9284839 235
3070 9285074 28641
3071 9313715 4219
3072 9317934 7406
3073 9325340 9336
3074 9334676 30317
3075 9364993 19688
3076 9384681 955
3077 9385636 621
3078 9386257 2329
3079 9388586 1619
3080 9390205 4970
3081 9395175 3320
3082 9398495 4053
3083 9402548 2505
3084 9405053 4596
3085 9409649 1149
3086 9410798 674
3087 9411472 426
3088 9411898 9924
3089 9421822 2305
3090 9424127 858
3091 9424985 30457
3092 9455442 3547
3093 9458989 936
3094 9459925 3128
3095 9463053 335
3096 9463388 7219
3097 9470607 19036
3098 9489643 5707
3099 9495350 1307
3100 9496657 2184
3101 9498841 2352
3102 9501193 2613
3103 9503806 2555
3104 9506361 1249
3105 9507610 9004
3106 9516614 3652
3107 9520266 2150
3108 9522416 2363
3109 9524779 22100
3110 9546879 857
3111 9547736 400
3112 9548136 1156
3113 9549292 3849
3114 9553141 1140
3115 9554281 3543
3116 9557824 3255
3117 9561079 1582
3118 9562661 1351
3119 9564012 2021
3120 9566033 2162
3121 9568195 1288
3122 9569483 1318
3123 9570801 3900
3124 9574701 557
3125 9575258 6475
3126 9581733 2579
3127 9584312 3677
3128 9587989 825
3129 9588814 1276
3130 9590090 2422
3131 9592512 694
3132 9593206 5022
3133 9598228 1491
3134 9599719 3276
3135 9602995 1215
3136 9604210 1791
3137 9606001 4568
3138 9610569 4235
3139 9614804 1838
3140 9616642 2160
3141 9618802 224
3142 9619026 2644
3143 9621670 2614
3144 9624284 374
3145 9624658 1540
3146 9626198 1513
3147 9627711 2202
3148 9629913 1506
3149 9631419 1094
3150 9632513 2680
3151 9635193 1028
3152 9636221 342
3153 9636563 4590
3154 9641153 1297
3155 9642450 906
3156 9643356 3931
3157 9647287 1353
3158 9648640 3141
3159 9651781 2636
3160 9654417 549
3161 9654966 1302
3162 9656268 1251
3163 9657519 2511
3164 9660030 1210
3165 9661240 8162
3166 9669402 603
3167 9670005 1348
3168 9671353 7428
3169 9678781 3881
3170 9682662 3728
3171 9686390 3480
3172 9689870 7022
3173 9696892 4935
3174 9701827 1673
3175 9703500 1607
3176 9705107 2050
3177 9707157 1355
3178 9708512 519
3179 9709031 1368
3180 9710399 2310
3181 9712709 4505
3182 9717214 1551
3183 9718765 11571
3184 9730336 2066
3185 9732402 829
3186 9733231 1072
3187 9734303 1837
3188 9736140 728
3189 9736868 11584
3190 9748452 1795
3191 9750247 2977
3192 9753224 3758
3193 9756982 962
3194 9757944 2222
3195 9760166 1241
3196 9761407 4775
3197 9766182 323
3198 9766505 7068
3199 9773573 1055
3200 9774628 1794
3201 9776422 2579
3202 9779001 1497
3203 9780498 1258
3204 9781756 6692
3205 9788448 3552
3206 9792000 1019
3207 9793019 3547
3208 9796566 1665
3209 9798231 3008
3210 9801239 1332
3211 9802571 521
3212 9803092 788
3213 9803880 4849
3214 9808729 1246
3215 9809975 6459
3216 9816434 2704
3217 9819138 456
3218 9819594 4255
3219 9823849 533
3220 9824382 1499
3221 9825881 2138
3222 9828019 2808
3223 9830827 3188
3224 9834015 1388
3225 9835403 1546
3226 9836949 1148
3227 9838097 1463
3228 9839560 2362
3229 9841922 603
3230 9842525 9670
3231 9852195 2037
3232 9854232 1871
3233 9856103 2663
3234 9858766 3205
3235 9861971 9556
3236 9871527 3480
3237 9875007 8396
3238 9883403 2155
3239 9885558 1744
3240 9887302 1083
3241 9888385 1496
3242 9889881 1073
3243 9890954 1386
3244 9892340 5378
3245 9897718 5010
3246 9902728 2169
3247 9904897 1756
3248 9906653 4034
3249 9910687 2337
3250 9913024 2274
3251 9915298 7688
3252 9922986 1333
3253 9924319 1492
3254 9925811 4297
3255 9930108 1281
3256 9931389 1249
3257 9932638 1426
3258 9934064 1703
3259 9935767 5201
3260 9940968 2540
3261 9943508 1390
3262 9944898 3199
3263 9948097 10948
3264 9959045 3846
3265 9962891 9593
3266 9972484 3802
3267 9976286 1583
3268 9977869 2130
3269 9979999 7049
3270 9987048 1881
3271 9988929 7379
3272 9996308 3403
3273 9999711 1936
3274 10001647 12904
3275 10014551 5268
3276 10019819 4693
3277 10024512 1392
3278 10025904 2490
3279 10028394 2337
3280 10030731 3622
3281 10034353 1396
3282 10035749 11061
3283 10046810 1185
3284 10047995 687
3285 10048682 4775
3286 10053457 2056
3287 10055513 1310
3288 10056823 917
3289 10057740 7428
3290 10065168 3131
3291 10068299 1910
3292 10070209 2893
3293 10073102 986
3294 10074088 1336
3295 10075424 1371
3296 10076795 543
3297 10077338 3987
3298 10081325 4636
3299 10085961 4973
3300 10090934 3260
3301 10094194 2226
3302 10096420 875
3303 10097295 801
3304 10098096 1260
3305 10099356 5700
3306 10105056 1606
3307 10106662 783
3308 10107445 1700
3309 10109145 12994
3310 10122139 569
3311 10122708 1857
3312 10124565 2487
3313 10127052 2338
3314 10129390 2703
3315 10132093 1665
3316 10133758 637
3317 10134395 2176
3318 10136571 2212
3319 10138783 2216
3320 10140999 2339
3321 10143338 2151
3322 10145489 497
3323 10145986 2444
3324 10148430 1249
3325 10149679 3117
3326 10152796 1575
3327 10154371 722
3328 10155093 1060
3329 10156153 5009
3330 10161162 6554
3331 10167716 4731
3332 10172447 4249
3333 10176696 3617
3334 10180313 3064
3335 10183377 4115
3336 10187492 8659
3337 10196151 7546
3338 10203697 38582
3339 10242279 5454
3340 10247733 17886
3341 10265619 5305
3342 10270924 2783
3343 10273707 10555
3344 10284262 3797
3345 10288059 4742
3346 10292801 5422
3347 10298223 4840
3348 10303063 5260
3349 10308323 6740
3350 10315063 6499
3351 10321562 4693
3352 10326255 4164
3353 10330419 8967
3354 10339386 8419
3355 10347805 5497
3356 10353302 4286
3357 10357588 7458
3358 10365046 7919
3359 10372965 5662
3360 10378627 5372
3361 10383999 4479
3362 10388478 4974
3363 10393452 4332
3364 10397784 4384
3365 10402168 5360
3366 10407528 1271
3367 10408799 4023
3368 10412822 19886
3369 10432708 3723
3370 10436431 6347
3371 10442778 2828
3372 10445606 3928
3373 10449534 4291
3374 10453825 11930
3375 10465755 4258
3376 10470013 8233
3377 10478246 7877
3378 10486123 7324
3379 10493447 1643
3380 10495090 5266
3381 10500356 16463
3382 10516819 4622
3383 10521441 9463
3384 10530904 5323
3385 10536227 4211
3386 10540438 4800
3387 10545238 4045
3388 10549283 10523
3389 10559806 5569
3390 10565375 4127
3391 10569502 3177
3392 10572679 3760
3393 10576439 3935
3394 10580374 3327
3395 10583701 3432
3396 10587133 18445
3397 10605578 4822
3398 10610400 5378
3399 10615778 3413
3400 10619191 11489
3401 10630680 7891
3402 10638571 19553
3403 10658124 5469
3404 10663593 1244
3405 10664837 2141
3406 10666978 2885
3407 10669863 3680
3408 10673543 19368
3409 10692911 19791
3410 10712702 4366
3411 10717068 4312
3412 10721380 3536
3413 10724916 12579
3414 10737495 6799
3415 10744294 25801
3416 10770095 11242
3417 10781337 1565
3418 10782902 5962
3419 10788864 6366
3420 10795230 23605
3421 10818835 1581
3422 10820416 2824
3423 10823240 2708
3424 10825948 740
3425 10826688 5965
3426 10832653 3341
3427 10835994 8958
3428 10844952 4030
3429 10848982 2056
3430 10851038 7603
3431 10858641 2647
3432 10861288 2744
3433 10864032 9675
3434 10873707 19352
3435 10893059 2760
3436 10895819 5383
3437 10901202 2268
3438 10903470 6603
3439 10910073 977
3440 10911050 8295
3441 10919345 6693
3442 10926038 937
3443 10926975 2966
3444 10929941 3601
3445 10933542 2557
3446 10936099 3717
3447 10939816 4703
3448 10944519 9647
3449 10954166 11546
3450 10965712 2170
3451 10967882 4813
3452 10972695 3035
3453 10975730 1665
3454 10977395 2048
3455 10979443 1940
3456 10981383 8409
3457 10989792 8812
3458 10998604 2775
3459 11001379 4510
3460 11005889 3165
3461 11009054 1961
3462 11011015 10666
3463 11021681 6299
3464 11027980 4900
3465 11032880 5323
3466 11038203 1337
3467 11039540 1873
3468 11041413 3622
3469 11045035 213
3470 11045248 3721
3471 11048969 2550
3472 11051519 7705
3473 11059224 7022
3474 11066246 6505
3475 11072751 8819
3476 11081570 3170
3477 11084740 2830
3478 11087570 1863
3479 11089433 7080
3480 11096513 3431
3481 11099944 2670
3482 11102614 1182
3483 11103796 11656
3484 11115452 10860
3485 11126312 6956
3486 11133268 8956
3487 11142224 2312
3488 11144536 539
3489 11145075 642
3490 11145717 6392
3491 11152109 4319
3492 11156428 2341
3493 11158769 9212
3494 11167981 6540
3495 11174521 1581
3496 11176102 7433
3497 11183535 2752
3498 11186287 7703
3499 11193990 4494
3500 11198484 2959
3501 11201443 6329
3502 11207772 9273
3503 11217045 4405
3504 11221450 3917
3505 11225367 1735
3506 11227102 6537
3507 11233639 5494
3508 11239133 5253
3509 11244386 8049
3510 11252435 1857
3511 11254292 2839
3512 11257131 224
3513 11257355 224
3514 11257579 245
3515 11257824 236
3516 11258060 209
3517 11258269 250
3518 11258519 249
3519 11258768 249
3520 11259017 248
3521 11259265 251
3522 11259516 242
3523 11259758 224
3524 11259982 207
3525 11260189 234
3526 11260423 231
3527 11260654 253
3528 11260907 228
3529 11261135 209
3530 11261344 215
3531 11261559 230
3532 11261789 224
3533 11262013 244
3534 11262257 245
3535 11262502 249
3536 11262751 245
3537 11262996 209
3538 11263205 237
3539 11263442 251
3540 11263693 231
3541 11263924 249
3542 11264173 224
3543 11264397 243
3544 11264640 248
3545 11264888 245
3546 11265133 252
3547 11265385 228
3548 11265613 255
3549 11265868 247
3550 11266115 250
3551 11266365 251
3552 11266616 245
3553 11266861 243
3554 11267104 230
3555 11267334 250
3556 11267584 218
3557 11267802 203
3558 11268005 3149
3559 11271154 2466
3560 11273620 7802
3561 11281422 2679
3562 11284101 2030
3563 11286131 6233
3564 11292364 4261
3565 11296625 4381
3566 11301006 3850
3567 11304856 6903
3568 11311759 3620
3569 11315379 3300
3570 11318679 4640
3571 11323319 5282
3572 11328601 4459
3573 11333060 3435
3574 11336495 4137
3575 11340632 1155
3576 11341787 7963
3577 11349750 4587
3578 11354337 4405
3579 11358742 4390
3580 11363132 4102
3581 11367234 5580
3582 11372814 7814
3583 11380628 2362
3584 11382990 2143
3585 11385133 2966
3586 11388099 2960
3587 11391059 4630
3588 11395689 5445
3589 11401134 3184
3590 11404318 4104
3591 11408422 5476
3592 11413898 4698
3593 11418596 5134
3594 11423730 2506
3595 11426236 2744
3596 11428980 2984
3597 11431964 8278
3598 11440242 1244
3599 11441486 786
3600 11442272 219
3601 11442491 4164
3602 11446655 3360
3603 11450015 1560
3604 11451575 9965
3605 11461540 3084
3606 11464624 8771
3607 11473395 3979
3608 11477374 5261
3609 11482635 4948
3610 11487583 8600
3611 11496183 4813
3612 11500996 3936
3613 11504932 537
3614 11505469 4702
3615 11510171 4410
3616 11514581 3830
3617 11518411 5841
3618 11524252 7233
3619 11531485 6485
3620 11537970 2589
3621 11540559 3376
3622 11543935 983
3623 11544918 22927
3624 11567845 18597
3625 11586442 2599
3626 11589041 8493
3627 11597534 2410
3628 11599944 7152
3629 11607096 3355
3630 11610451 11030
3631 11621481 2891
3632 11624372 3527
3633 11627899 3238
3634 11631137 4852
3635 11635989 7281
3636 11643270 6919
3637 11650189 1090
3638 11651279 3462
3639 11654741 1062
3640 11655803 2453
3641 11658256 1569
3642 11659825 6360
3643 11666185 13641
3644 11679826 2113
3645 11681939 12969
3646 11694908 6486
3647 11701394 2894
3648 11704288 1979
3649 11706267 9061
3650 11715328 2496
3651 11717824 3150
3652 11720974 5574
3653 11726548 5545
3654 11732093 3891
3655 11735984 6089
3656 11742073 2472
3657 11744545 4444
3658 11748989 981
3659 11749970 798
3660 11750768 4182
3661 11754950 2968
3662 11757918 1262
3663 11759180 2328
3664 11761508 2746
3665 11764254 2314
3666 11766568 1301
3667 11767869 4590
3668 11772459 3587
3669 11776046 4114
3670 11780160 4513
3671 11784673 2783
3672 11787456 3831
3673 11791287 2318
3674 11793605 1749
3675 11795354 2307
3676 11797661 20508
3677 11818169 3320
3678 11821489 4092
3679 11825581 1927
3680 11827508 8742
3681 11836250 2686
3682 11838936 5325
3683 11844261 5357
3684 11849618 3697
3685 11853315 4178
3686 11857493 5940
3687 11863433 3037
3688 11866470 5470
3689 11871940 1746
3690 11873686 2629
3691 11876315 5040
3692 11881355 4797
3693 11886152 3320
3694 11889472 5428
3695 11894900 5499
3696 11900399 4286
3697 11904685 2546
3698 11907231 4420
3699 11911651 7408
3700 11919059 193
3701 11919252 4739
3702 11923991 178
3703 11924169 910
3704 11925079 801
3705 11925880 2242
3706 11928122 1787
3707 11929909 945
3708 11930854 1847
3709 11932701 12145
3710 11944846 4443
3711 11949289 1889
3712 11951178 6896
3713 11958074 9989
3714 11968063 1124
3715 11969187 9953
3716 11979140 3388
3717 11982528 1410
3718 11983938 5374
3719 11989312 5549
3720 11994861 1743
3721 11996604 2587
3722 11999191 3536
3723 12002727 5177
3724 12007904 5264
3725 12013168 1322
3726 12014490 9381
3727 12023871 3296
3728 12027167 602
3729 12027769 1555
3730 12029324 3327
3731 12032651 1889
3732 12034540 3284
3733 12037824 5120
3734 12042944 2139
3735 12045083 5839
3736 12050922 2309
3737 12053231 4224
3738 12057455 4925
3739 12062380 4335
3740 12066715 5479
3741 12072194 3035
3742 12075229 2767
3743 12077996 3760
3744 12081756 2142
3745 12083898 4026
3746 12087924 13157
3747 12101081 2533
3748 12103614 1937
3749 12105551 3641
3750 12109192 3884
3751 12113076 1915
3752 12114991 6895
3753 12121886 4601
3754 12126487 6995
3755 12133482 1522
3756 12135004 2503
3757 12137507 833
3758 12138340 5380
3759 12143720 857
3760 12144577 5945
3761 12150522 1257
3762 12151779 3706
3763 12155485 2406
3764 12157891 3796
3765 12161687 4080
3766 12165767 948
3767 12166715 2957
3768 12169672 1159
3769 12170831 1803
3770 12172634 2022
3771 12174656 3146
3772 12177802 7163
3773 12184965 8632
3774 12193597 3986
3775 12197583 4017
3776 12201600 4647
3777 12206247 3923
3778 12210170 4650
3779 12214820 1177
3780 12215997 2728
3781 12218725 1736
3782 12220461 1098
3783 12221559 3896
3784 12225455 1310
3785 12226765 7711
3786 12234476 2217
3787 12236693 1667
3788 12238360 4273
3789 12242633 8874
3790 12251507 3164
3791 12254671 13397
3792 12268068 3765
3793 12271833 205
3794 12272038 8731
3795 12280769 5788
3796 12286557 2187
3797 12288744 4995
3798 12293739 1234
3799 12294973 3884
3800 12298857 1685
3801 12300542 3460
3802 12304002 6313
3803 12310315 5416
3804 12315731 1827
3805 12317558 6775
3806 12324333 3694
3807 12328027 10455
3808 12338482 7001
3809 12345483 4583
3810 12350066 6473
3811 12356539 9659
3812 12366198 1613
3813 12367811 2798
3814 12370609 4580
3815 12375189 1606
3816 12376795 4836
3817 12381631 5681
3818 12387312 2565
3819 12389877 8595
3820 12398472 7418
3821 12405890 2432
3822 12408322 1476
3823 12409798 1656
3824 12411454 2689
3825 12414143 2597
3826 12416740 2268
3827 12419008 3079
3828 12422087 2085
3829 12424172 3003
3830 12427175 6971
3831 12434146 6377
3832 12440523 6909
3833 12447432 6788
3834 12454220 3960
3835 12458180 8141
3836 12466321 7802
3837 12474123 3132
3838 12477255 1815
3839 12479070 2999
3840 12482069 1631
3841 12483700 3041
3842 12486741 3452
3843 12490193 1876
3844 12492069 1543
3845 12493612 4787
3846 12498399 1760
3847 12500159 1534
3848 12501693 2480
3849 12504173 3631
3850 12507804 2079
3851 12509883 1474
3852 12511357 2827
3853 12514184 7833
3854 12522017 3348
3855 12525365 3641
3856 12529006 8890
3857 12537896 3749
3858 12541645 2840
3859 12544485 2217
3860 12546702 3583
3861 12550285 3510
3862 12553795 2086
3863 12555881 1615
3864 12557496 1809
3865 12559305 6375
3866 12565680 3214
3867 12568894 2250
3868 12571144 1875
3869 12573019 3437
3870 12576456 2020
3871 12578476 4165
3872 12582641 2729
3873 12585370 3772
3874 12589142 1761
3875 12590903 1552
3876 12592455 1561
3877 12594016 1633
3878 12595649 3663
3879 12599312 2748
3880 12602060 3975
3881 12606035 2394
3882 12608429 2408
3883 12610837 2602
3884 12613439 2385
3885 12615824 2547
3886 12618371 23266
3887 12641637 3227
3888 12644864 3629
3889 12648493 6331
3890 12654824 3100
3891 12657924 3308
3892 12661232 3421
3893 12664653 5248
3894 12669901 1623
3895 12671524 2600
3896 12674124 3430
3897 12677554 2461
3898 12680015 1089
3899 12681104 2372
3900 12683476 5092
3901 12688568 4236
3902 12692804 3027
3903 12695831 3786
3904 12699617 2648
3905 12702265 5429
3906 12707694 2536
3907 12710230 3798
3908 12714028 1108
3909 12715136 5323
3910 12720459 1451
3911 12721910 1223
3912 12723133 2053
3913 12725186 7452
3914 12732638 3338
3915 12735976 2546
